              precision    recall  f1-score   support

 T-shirt/top     0.8564    0.8590    0.8577      1000
     Trouser     0.9840    0.9860    0.9850      1000
    Pullover     0.8615    0.8960    0.8784      1000
       Dress     0.8933    0.9130    0.9031      1000
        Coat     0.8297    0.8720    0.8503      1000
      Sandal     0.9574    0.9890    0.9729      1000
       Shirt     0.7753    0.6730    0.7206      1000
     Sneaker     0.9538    0.9500    0.9519      1000
         Bag     0.9771    0.9830    0.9801      1000
  Ankle boot     0.9765    0.9560    0.9661      1000

    accuracy                         0.9077     10000
   macro avg     0.9065    0.9077    0.9066     10000
weighted avg     0.9065    0.9077    0.9066     10000
